time: 2023-09-20 09:21:50.147757 count:3 size: 1M load_stat: 1.03 0.60 0.41 6/547 4077

time: 2023-09-20 09:21:50.163663 count:3 size: 1M load_stat: 1.03 0.60 0.41 6/547 4082

time: 2023-09-20 09:21:50.214057 count:3 size: 1M load_stat: 1.03 0.60 0.41 5/547 4091

